0.041526 0.153815 -0.041528 0.000000 0.000000 0.000000 0.000000 0.000000
-2.581652e+00 3.401078e+00 3.970574e+00 0.000000e+00 0.000000e+00 0.000000e+00 0.000000e+00 -1.590464e-01
4.274410e+00 -3.700752e+00 -2.199899e+00 0.000000e+00 0.000000e+00 0.000000e+00 0.000000e+00 -1.688640e-01
1.053665e+00 1.645842e+00 3.334119e-01 0.000000e+00 0.000000e+00 0.000000e+00 0.000000e+00 -1.219653e-02
4.969793e+00 1.926579e+00 2.203264e+00 0.000000e+00 0.000000e+00 0.000000e+00 0.000000e+00 -1.529336e-01
3.065088e+00 4.768091e+00 -5.156280e+00 0.000000e+00 0.000000e+00 0.000000e+00 0.000000e+00 -2.555629e-01
-5.463582e+00 -3.125434e+00 1.340443e+00 0.000000e+00 0.000000e+00 0.000000e+00 0.000000e+00 -1.932451e-01
-1.348026e+00 4.820223e+00 -1.123638e+00 0.000000e+00 0.000000e+00 0.000000e+00 0.000000e+00 -1.188812e-01
5.850432e+00 3.005901e+00 -2.895886e+00 0.000000e+00 0.000000e+00 0.000000e+00 0.000000e+00 -2.184762e-01
3.836882e+00 -1.464503e+00 4.197202e+00 0.000000e+00 0.000000e+00 0.000000e+00 0.000000e+00 -1.632687e-01
4.988671e+00 8.636594e-02 4.795425e+00 0.000000e+00 0.000000e+00 0.000000e+00 0.000000e+00 -2.096951e-01
1.443804e+00 -5.951797e+00 4.001143e-01 0.000000e+00 0.000000e+00 0.000000e+00 0.000000e+00 -1.802487e-01
-4.640003e-01 1.244822e+00 4.925992e+00 0.000000e+00 0.000000e+00 0.000000e+00 0.000000e+00 -1.256816e-01
1.528541e+00 6.356062e+00 1.456248e+00 0.000000e+00 0.000000e+00 0.000000e+00 0.000000e+00 -1.919799e-01
4.057880e+00 5.724697e+00 -2.978140e+00 0.000000e+00 0.000000e+00 0.000000e+00 0.000000e+00 -2.513852e-01
-3.337640e+00 -4.226115e+00 -1.243814e+00 0.000000e+00 0.000000e+00 0.000000e+00 0.000000e+00 -1.523492e-01
-6.926764e+00 -1.394941e+00 1.496759e+00 0.000000e+00 0.000000e+00 0.000000e+00 0.000000e+00 -2.368357e-01
-2.718790e+00 5.159871e+00 1.867704e+00 0.000000e+00 0.000000e+00 0.000000e+00 0.000000e+00 -1.647132e-01
7.053941e+00 -2.595272e+00 -2.056600e+00 0.000000e+00 0.000000e+00 0.000000e+00 0.000000e+00 -2.753877e-01
-2.206944e-01 1.531978e+00 5.141492e-02 0.000000e+00 0.000000e+00 0.000000e+00 0.000000e+00 -6.389924e-03
6.309309e-01 2.169821e+00 4.227887e-01 0.000000e+00 0.000000e+00 0.000000e+00 0.000000e+00 -2.088225e-02
-2.444921e-01 3.583281e+00 -6.696938e+00 0.000000e+00 0.000000e+00 0.000000e+00 0.000000e+00 -2.524034e-01
-3.315192e+00 3.753597e-02 4.173295e+00 0.000000e+00 0.000000e+00 0.000000e+00 0.000000e+00 -1.366916e-01
4.231567e+00 -4.804420e+00 -3.024713e+00 0.000000e+00 0.000000e+00 0.000000e+00 0.000000e+00 -2.250960e-01
6.718191e+00 -1.741346e+00 -5.781717e-01 0.000000e+00 0.000000e+00 0.000000e+00 0.000000e+00 -2.129479e-01
9.452212e-01 7.000284e+00 -1.799754e+00 0.000000e+00 0.000000e+00 0.000000e+00 0.000000e+00 -2.218844e-01
-2.487706e+00 -4.509391e+00 -2.243422e+00 0.000000e+00 0.000000e+00 0.000000e+00 0.000000e+00 -1.571951e-01
3.178722e+00 -6.290751e+00 9.379234e-01 0.000000e+00 0.000000e+00 0.000000e+00 0.000000e+00 -2.309892e-01
2.489396e+00 -3.712578e+00 3.698914e+00 0.000000e+00 0.000000e+00 0.000000e+00 0.000000e+00 -1.618855e-01
-1.846351e+00 9.424179e-01 3.977512e+00 0.000000e+00 0.000000e+00 0.000000e+00 0.000000e+00 -1.015965e-01
2.707067e+00 -1.635396e+00 -5.546927e+00 0.000000e+00 0.000000e+00 0.000000e+00 0.000000e+00 -1.853737e-01
-5.224874e+00 3.850404e+00 3.979710e+00 0.000000e+00 0.000000e+00 0.000000e+00 0.000000e+00 -2.628598e-01
-4.939882e+00 3.356741e+00 3.665687e+00 0.000000e+00 0.000000e+00 0.000000e+00 0.000000e+00 -2.147348e-01
6.833552e-01 3.910017e+00 -1.220424e-01 0.000000e+00 0.000000e+00 0.000000e+00 0.000000e+00 -6.128412e-02
7.573122e+00 6.728279e-02 4.372878e-01 0.000000e+00 0.000000e+00 0.000000e+00 0.000000e+00 -2.600937e-01
8.109640e-01 -1.877524e+00 -7.267039e+00 0.000000e+00 0.000000e+00 0.000000e+00 0.000000e+00 -2.589836e-01
4.492781e+00 -9.825664e-01 -1.836519e+00 0.000000e+00 0.000000e+00 0.000000e+00 0.000000e+00 -1.183964e-01
-6.090113e+00 3.021933e-01 4.804063e+00 0.000000e+00 0.000000e+00 0.000000e+00 0.000000e+00 -2.758448e-01
-1.149836e+00 4.594499e+00 7.318358e-01 0.000000e+00 0.000000e+00 0.000000e+00 0.000000e+00 -1.107992e-01
2.195128e+00 4.241284e+00 -2.594350e+00 0.000000e+00 0.000000e+00 0.000000e+00 0.000000e+00 -1.344585e-01
2.220594e-02 4.000433e-01 -8.818192e-01 0.000000e+00 0.000000e+00 0.000000e+00 0.000000e+00 -5.128808e-03
9.537133e-01 5.334941e+00 2.388198e+00 0.000000e+00 0.000000e+00 0.000000e+00 0.000000e+00 -1.596866e-01
-2.472303e+00 1.966358e+00 -5.469261e+00 0.000000e+00 0.000000e+00 0.000000e+00 0.000000e+00 -1.767996e-01
9.769425e-01 5.037227e+00 -3.501917e+00 0.000000e+00 0.000000e+00 0.000000e+00 0.000000e+00 -1.661011e-01
2.591355e+00 6.883175e+00 -2.309224e+00 0.000000e+00 0.000000e+00 0.000000e+00 0.000000e+00 -2.595744e-01
4.299298e+00 1.504207e+00 1.263806e+00 0.000000e+00 0.000000e+00 0.000000e+00 0.000000e+00 -1.100410e-01
-2.369238e+00 8.682009e-01 -6.867911e+00 0.000000e+00 0.000000e+00 0.000000e+00 0.000000e+00 -2.346425e-01
1.887378e+00 -1.203625e+00 3.847645e+00 0.000000e+00 0.000000e+00 0.000000e+00 0.000000e+00 -1.024998e-01
-1.387083e+00 -3.896295e+00 4.596707e+00 0.000000e+00 0.000000e+00 0.000000e+00 0.000000e+00 -1.826306e-01
-6.201700e+00 4.591690e+00 -6.959021e-01 0.000000e+00 0.000000e+00 0.000000e+00 0.000000e+00 -2.687824e-01
3.729128e+00 -5.980765e+00 2.958959e+00 0.000000e+00 0.000000e+00 0.000000e+00 0.000000e+00 -2.743442e-01
-2.984648e+00 -6.156352e+00 2.171650e+00 0.000000e+00 0.000000e+00 0.000000e+00 0.000000e+00 -2.399031e-01
5.410313e+00 -2.325606e+00 -2.998689e+00 0.000000e+00 0.000000e+00 0.000000e+00 0.000000e+00 -1.970228e-01
-2.053165e+00 2.104411e+00 -6.261261e+00 0.000000e+00 0.000000e+00 0.000000e+00 0.000000e+00 -2.073213e-01
-3.450308e+00 3.351763e+00 -4.751480e+00 0.000000e+00 0.000000e+00 0.000000e+00 0.000000e+00 -1.997616e-01
1.178234e+00 -1.821483e+00 -6.503979e+00 0.000000e+00 0.000000e+00 0.000000e+00 0.000000e+00 -2.078012e-01
-1.110298e-01 2.950584e+00 1.638716e+00 0.000000e+00 0.000000e+00 0.000000e+00 0.000000e+00 -4.538410e-02
-3.145866e+00 6.736882e+00 -1.876476e+00 0.000000e+00 0.000000e+00 0.000000e+00 0.000000e+00 -2.567445e-01
-3.730630e-02 4.514808e+00 1.404647e+00 0.000000e+00 0.000000e+00 0.000000e+00 0.000000e+00 -1.065520e-01
3.943327e+00 -1.469675e+00 -2.417734e+00 0.000000e+00 0.000000e+00 0.000000e+00 0.000000e+00 -1.139605e-01
-3.462074e+00 -1.093886e+00 -1.880349e+00 0.000000e+00 0.000000e+00 0.000000e+00 0.000000e+00 -8.445068e-02
-1.077427e+00 3.565640e+00 3.980454e+00 0.000000e+00 0.000000e+00 0.000000e+00 0.000000e+00 -1.374703e-01
3.710396e+00 -3.649927e+00 4.650559e+00 0.000000e+00 0.000000e+00 0.000000e+00 0.000000e+00 -2.167451e-01
2.876182e+00 -2.130057e+00 -5.868946e+00 0.000000e+00 0.000000e+00 0.000000e+00 0.000000e+00 -2.092050e-01
2.673223e+00 -4.103788e+00 1.118477e+00 0.000000e+00 0.000000e+00 0.000000e+00 0.000000e+00 -1.276445e-01
3.195749e-01 -7.211558e+00 -1.902295e+00 0.000000e+00 0.000000e+00 0.000000e+00 0.000000e+00 -2.641354e-01
-2.517656e+00 -9.845586e-01 2.661879e+00 0.000000e+00 0.000000e+00 0.000000e+00 0.000000e+00 -6.808197e-02
-2.561538e+00 -6.685956e+00 -2.366335e+00 0.000000e+00 0.000000e+00 0.000000e+00 0.000000e+00 -2.673411e-01
3.318910e+00 -8.809331e-01 4.382756e+00 0.000000e+00 0.000000e+00 0.000000e+00 0.000000e+00 -1.491362e-01
9.962198e-01 3.588365e-01 3.788451e+00 0.000000e+00 0.000000e+00 0.000000e+00 0.000000e+00 -7.046284e-02
-1.844586e+00 1.810763e+00 -6.234217e+00 0.000000e+00 0.000000e+00 0.000000e+00 0.000000e+00 -2.003245e-01
-5.352033e+00 -2.139974e+00 -2.793708e+00 0.000000e+00 0.000000e+00 0.000000e+00 0.000000e+00 -1.914718e-01
-4.912986e+00 1.715442e+00 4.253681e+00 0.000000e+00 0.000000e+00 0.000000e+00 0.000000e+00 -2.032571e-01
-5.178270e-01 2.323598e+00 -1.342215e-01 0.000000e+00 0.000000e+00 0.000000e+00 0.000000e+00 -2.403597e-02
4.155970e+00 4.609225e-01 -3.207521e+00 0.000000e+00 0.000000e+00 0.000000e+00 0.000000e+00 -1.330164e-01
5.835641e+00 4.513716e+00 1.091312e+00 0.000000e+00 0.000000e+00 0.000000e+00 0.000000e+00 -2.393139e-01
7.571733e-01 4.573625e+00 -5.451682e+00 0.000000e+00 0.000000e+00 0.000000e+00 0.000000e+00 -2.149227e-01
2.967728e+00 -6.169649e+00 3.726779e+00 0.000000e+00 0.000000e+00 0.000000e+00 0.000000e+00 -2.795653e-01
-2.635056e-01 6.452690e+00 -3.709118e+00 0.000000e+00 0.000000e+00 0.000000e+00 0.000000e+00 -2.364466e-01
-5.310668e+00 -9.206196e-01 -1.236230e+00 0.000000e+00 0.000000e+00 0.000000e+00 0.000000e+00 -1.471028e-01
3.447595e+00 -3.630209e+00 -1.008950e+00 0.000000e+00 0.000000e+00 0.000000e+00 0.000000e+00 -1.308867e-01
-2.039534e+00 1.597546e+00 -1.167493e+00 0.000000e+00 0.000000e+00 0.000000e+00 0.000000e+00 -3.727375e-02
2.666808e+00 -5.436984e+00 -2.475270e+00 0.000000e+00 0.000000e+00 0.000000e+00 0.000000e+00 -1.982553e-01
-2.775719e-01 3.555130e+00 -5.065652e+00 0.000000e+00 0.000000e+00 0.000000e+00 0.000000e+00 -1.663547e-01
-1.104939e+00 1.948716e+00 7.378598e+00 0.000000e+00 0.000000e+00 0.000000e+00 0.000000e+00 -2.705766e-01
-4.582366e+00 4.689307e+00 -3.978130e+00 0.000000e+00 0.000000e+00 0.000000e+00 0.000000e+00 -2.613613e-01
5.835767e+00 -4.204858e+00 -6.088517e-01 0.000000e+00 0.000000e+00 0.000000e+00 0.000000e+00 -2.340881e-01
5.804122e+00 -1.089738e+00 7.854843e-01 0.000000e+00 0.000000e+00 0.000000e+00 0.000000e+00 -1.629895e-01
2.396475e+00 5.018203e+00 -7.690434e-01 0.000000e+00 0.000000e+00 0.000000e+00 0.000000e+00 -1.392116e-01
-4.314273e+00 1.272019e+00 -1.549163e+00 0.000000e+00 0.000000e+00 0.000000e+00 0.000000e+00 -1.136489e-01
2.422691e+00 9.972602e-01 1.036126e+00 0.000000e+00 0.000000e+00 0.000000e+00 0.000000e+00 -3.598316e-02
-6.913003e-01 6.012926e+00 -2.392852e+00 0.000000e+00 0.000000e+00 0.000000e+00 0.000000e+00 -1.844662e-01
2.977948e+00 -6.690589e-01 -5.514502e+00 0.000000e+00 0.000000e+00 0.000000e+00 0.000000e+00 -1.778092e-01
3.262486e+00 4.609615e+00 4.377363e+00 0.000000e+00 0.000000e+00 0.000000e+00 0.000000e+00 -2.165204e-01
3.446001e+00 -5.241308e+00 3.248884e+00 0.000000e+00 0.000000e+00 0.000000e+00 0.000000e+00 -2.277895e-01
-2.766211e+00 3.602635e-01 6.157976e+00 0.000000e+00 0.000000e+00 0.000000e+00 0.000000e+00 -2.058369e-01
-1.689145e+00 -1.355215e+00 -6.034547e+00 0.000000e+00 0.000000e+00 0.000000e+00 0.000000e+00 -1.861798e-01
-2.313519e+00 1.622780e+00 5.335826e-01 0.000000e+00 0.000000e+00 0.000000e+00 0.000000e+00 -3.961785e-02
-2.692774e+00 6.697986e+00 -2.607674e+00 0.000000e+00 0.000000e+00 0.000000e+00 0.000000e+00 -2.578805e-01
5.418341e+00 3.865657e+00 3.527708e+00 0.000000e+00 0.000000e+00 0.000000e+00 0.000000e+00 -2.485850e-01
5.410491e+00 -5.057124e-01 -1.089148e+00 0.000000e+00 0.000000e+00 0.000000e+00 0.000000e+00 -1.410416e-01
-4.695115e+00 1.957936e+00 4.516437e+00 0.000000e+00 0.000000e+00 0.000000e+00 0.000000e+00 -2.069204e-01
2.293944e+00 2.606419e+00 -6.468007e+00 0.000000e+00 0.000000e+00 0.000000e+00 0.000000e+00 -2.321102e-01
2.471035e+00 -2.181298e+00 5.577383e+00 0.000000e+00 0.000000e+00 0.000000e+00 0.000000e+00 -1.926543e-01
3.554177e+00 -4.472930e+00 -9.908538e-01 0.000000e+00 0.000000e+00 0.000000e+00 0.000000e+00 -1.594980e-01
-2.876357e+00 -1.503938e+00 -4.105956e+00 0.000000e+00 0.000000e+00 0.000000e+00 0.000000e+00 -1.338010e-01
1.837578e+00 -4.756315e+00 -5.222170e+00 0.000000e+00 0.000000e+00 0.000000e+00 0.000000e+00 -2.410685e-01
-7.001061e+00 1.103640e+00 -1.296566e+00 0.000000e+00 0.000000e+00 0.000000e+00 0.000000e+00 -2.296942e-01
5.425755e+00 8.121614e-01 -9.258247e-01 0.000000e+00 0.000000e+00 0.000000e+00 0.000000e+00 -1.405810e-01
5.057231e-01 5.743682e+00 2.791710e+00 0.000000e+00 0.000000e+00 0.000000e+00 0.000000e+00 -1.815656e-01
4.661436e-01 -5.806110e+00 3.936119e+00 0.000000e+00 0.000000e+00 0.000000e+00 0.000000e+00 -2.271680e-01
3.418256e+00 -1.654620e+00 -1.018192e+00 0.000000e+00 0.000000e+00 0.000000e+00 0.000000e+00 -7.158925e-02
6.553094e+00 -6.751326e-01 -3.056226e+00 0.000000e+00 0.000000e+00 0.000000e+00 0.000000e+00 -2.307161e-01
-1.860204e+00 -1.321857e+00 -5.529532e+00 0.000000e+00 0.000000e+00 0.000000e+00 0.000000e+00 -1.641579e-01
1.159563e+00 1.245414e+00 1.018170e+00 0.000000e+00 0.000000e+00 0.000000e+00 0.000000e+00 -1.427540e-02
-4.167791e+00 -2.216700e+00 -3.232617e+00 0.000000e+00 0.000000e+00 0.000000e+00 0.000000e+00 -1.582753e-01
-3.930760e-02 -3.835993e+00 2.689383e+00 0.000000e+00 0.000000e+00 0.000000e+00 0.000000e+00 -1.133313e-01
3.247430e+00 -4.456731e+00 -2.622368e+00 0.000000e+00 0.000000e+00 0.000000e+00 0.000000e+00 -1.715318e-01
-4.088337e+00 1.916112e+00 4.075243e+00 0.000000e+00 0.000000e+00 0.000000e+00 0.000000e+00 -1.681254e-01
1.680828e-02 2.373240e+00 4.950862e+00 0.000000e+00 0.000000e+00 0.000000e+00 0.000000e+00 -1.397698e-01
-5.551991e+00 1.028106e-01 -9.246785e-01 0.000000e+00 0.000000e+00 0.000000e+00 0.000000e+00 -1.530903e-01
-2.980641e+00 -6.947687e+00 9.627818e-01 0.000000e+00 0.000000e+00 0.000000e+00 0.000000e+00 -2.747296e-01
-5.521153e+00 -2.505661e+00 -4.987302e+00 0.000000e+00 0.000000e+00 0.000000e+00 0.000000e+00 -2.784685e-01
1.084332e+00 1.656741e+00 -1.454724e+00 0.000000e+00 0.000000e+00 0.000000e+00 0.000000e+00 -2.526249e-02
1.260435e+00 5.079182e+00 -3.844251e+00 0.000000e+00 0.000000e+00 0.000000e+00 0.000000e+00 -1.834830e-01
2.076132e+00 -1.478281e+00 -1.981585e+00 0.000000e+00 0.000000e+00 0.000000e+00 0.000000e+00 -4.421913e-02
-5.927788e+00 3.162114e+00 -2.887138e+00 0.000000e+00 0.000000e+00 0.000000e+00 0.000000e+00 -2.337204e-01
-4.836405e+00 4.132172e+00 4.699970e+00 0.000000e+00 0.000000e+00 0.000000e+00 0.000000e+00 -2.787347e-01
-2.973293e-01 -3.742727e+00 -2.476013e+00 0.000000e+00 0.000000e+00 0.000000e+00 0.000000e+00 -1.082289e-01
1.811543e+00 5.801623e+00 2.120908e+00 0.000000e+00 0.000000e+00 0.000000e+00 0.000000e+00 -1.817805e-01
5.000579e+00 3.512766e+00 8.200245e-01 0.000000e+00 0.000000e+00 0.000000e+00 0.000000e+00 -1.655400e-01
-1.242419e+00 -5.273310e-01 -4.994888e+00 0.000000e+00 0.000000e+00 0.000000e+00 0.000000e+00 -1.296557e-01
3.604188e+00 1.480209e+00 -6.555329e+00 0.000000e+00 0.000000e+00 0.000000e+00 0.000000e+00 -2.572990e-01
3.689861e+00 -2.801737e+00 -1.937824e+00 0.000000e+00 0.000000e+00 0.000000e+00 0.000000e+00 -1.233054e-01
-1.633844e+00 7.756780e-01 3.637452e+00 0.000000e+00 0.000000e+00 0.000000e+00 0.000000e+00 -7.687932e-02
-2.620942e+00 9.684084e-01 1.924990e+00 0.000000e+00 0.000000e+00 0.000000e+00 0.000000e+00 -5.139381e-02
2.009383e+00 5.058465e+00 2.402244e+00 0.000000e+00 0.000000e+00 0.000000e+00 0.000000e+00 -1.597018e-01
-1.880356e+00 -2.879410e+00 -2.006140e+00 0.000000e+00 0.000000e+00 0.000000e+00 0.000000e+00 -7.791869e-02
1.685578e+00 -3.439911e+00 -1.452056e+00 0.000000e+00 0.000000e+00 0.000000e+00 0.000000e+00 -8.885273e-02
-7.214915e-01 7.093234e-01 1.614885e+00 0.000000e+00 0.000000e+00 0.000000e+00 0.000000e+00 -1.649362e-02
-4.988366e+00 3.004984e+00 -3.162744e+00 0.000000e+00 0.000000e+00 0.000000e+00 0.000000e+00 -1.941611e-01
2.864004e+00 5.314140e+00 3.555018e+00 0.000000e+00 0.000000e+00 0.000000e+00 0.000000e+00 -2.091504e-01
-7.789224e-01 2.829216e+00 -2.736607e+00 0.000000e+00 0.000000e+00 0.000000e+00 0.000000e+00 -6.590333e-02
-2.551893e+00 -6.263383e+00 -3.334885e+00 0.000000e+00 0.000000e+00 0.000000e+00 0.000000e+00 -2.666479e-01
5.544439e+00 1.748276e+00 4.715560e+00 0.000000e+00 0.000000e+00 0.000000e+00 0.000000e+00 -2.497311e-01
-3.595943e-03 -3.284517e+00 -4.577857e-01 0.000000e+00 0.000000e+00 0.000000e+00 0.000000e+00 -5.317157e-02
3.334187e+00 2.503901e+00 -7.431655e-01 0.000000e+00 0.000000e+00 0.000000e+00 0.000000e+00 -7.986838e-02
-6.579120e-01 -6.918036e+00 2.054970e+00 0.000000e+00 0.000000e+00 0.000000e+00 0.000000e+00 -2.443296e-01
-4.315383e-01 -3.869615e+00 -5.195732e+00 0.000000e+00 0.000000e+00 0.000000e+00 0.000000e+00 -1.939122e-01
-1.457989e+00 6.245637e+00 2.499917e-01 0.000000e+00 0.000000e+00 0.000000e+00 0.000000e+00 -1.809551e-01
-7.704633e+00 2.762889e-01 -1.151546e+00 0.000000e+00 0.000000e+00 0.000000e+00 0.000000e+00 -2.760777e-01
2.322760e+00 -5.722416e+00 -3.411768e+00 0.000000e+00 0.000000e+00 0.000000e+00 0.000000e+00 -2.256083e-01
3.993134e-01 3.182628e-01 -7.590005e+00 0.000000e+00 0.000000e+00 0.000000e+00 0.000000e+00 -2.608885e-01
-8.312336e-01 9.904732e-01 4.985483e+00 0.000000e+00 0.000000e+00 0.000000e+00 0.000000e+00 -1.303199e-01
-1.279689e+00 5.061487e+00 5.271572e+00 0.000000e+00 0.000000e+00 0.000000e+00 0.000000e+00 -2.407123e-01
1.361682e+00 5.769560e-01 -7.796628e+00 0.000000e+00 0.000000e+00 0.000000e+00 0.000000e+00 -2.782542e-01
-2.325153e+00 6.924949e+00 2.875868e+00 0.000000e+00 0.000000e+00 0.000000e+00 0.000000e+00 -2.720693e-01
-2.246179e+00 -3.051653e+00 6.041676e+00 0.000000e+00 0.000000e+00 0.000000e+00 0.000000e+00 -2.330720e-01
7.605055e+00 -1.122488e+00 5.568219e-01 0.000000e+00 0.000000e+00 0.000000e+00 0.000000e+00 -2.691547e-01
-4.197876e+00 -2.372761e+00 -7.960542e-01 0.000000e+00 0.000000e+00 0.000000e+00 0.000000e+00 -1.205656e-01
4.753355e+00 -3.405747e+00 -4.381759e+00 0.000000e+00 0.000000e+00 0.000000e+00 0.000000e+00 -2.390447e-01
1.925861e-01 -2.056134e+00 3.439453e+00 0.000000e+00 0.000000e+00 0.000000e+00 0.000000e+00 -8.165281e-02
6.155925e+00 4.684593e-01 7.005839e-01 0.000000e+00 0.000000e+00 0.000000e+00 0.000000e+00 -1.711640e-01
-7.513691e-01 -5.541672e+00 -1.411177e+00 0.000000e+00 0.000000e+00 0.000000e+00 0.000000e+00 -1.626194e-01
-5.118207e+00 -3.237548e+00 2.300573e+00 0.000000e+00 0.000000e+00 0.000000e+00 0.000000e+00 -1.959030e-01
-9.741249e-01 3.081270e+00 -4.086073e+00 0.000000e+00 0.000000e+00 0.000000e+00 0.000000e+00 -1.251920e-01
-3.475374e+00 1.444431e+00 5.198897e+00 0.000000e+00 0.000000e+00 0.000000e+00 0.000000e+00 -1.868829e-01
-6.541112e+00 -8.262384e-01 -4.178461e+00 0.000000e+00 0.000000e+00 0.000000e+00 0.000000e+00 -2.763007e-01
5.236915e+00 -6.864758e-01 -4.211554e+00 0.000000e+00 0.000000e+00 0.000000e+00 0.000000e+00 -2.013628e-01
-4.487381e+00 -1.138138e+00 -4.292095e+00 0.000000e+00 0.000000e+00 0.000000e+00 0.000000e+00 -1.840958e-01
-1.913912e+00 3.471693e+00 -2.300238e+00 0.000000e+00 0.000000e+00 0.000000e+00 0.000000e+00 -9.960465e-02
9.757340e-01 3.978549e+00 1.035927e+00 0.000000e+00 0.000000e+00 0.000000e+00 0.000000e+00 -7.593152e-02
1.708261e+00 7.354353e+00 1.899852e+00 0.000000e+00 0.000000e+00 0.000000e+00 0.000000e+00 -2.651121e-01
-4.200799e+00 1.627166e+00 4.240891e+00 0.000000e+00 0.000000e+00 0.000000e+00 0.000000e+00 -1.722843e-01
-9.680995e-01 -1.878524e+00 3.282794e+00 0.000000e+00 0.000000e+00 0.000000e+00 0.000000e+00 -7.254109e-02
-9.068581e-01 -3.488556e+00 2.436675e+00 0.000000e+00 0.000000e+00 0.000000e+00 0.000000e+00 -1.006769e-01
8.169877e-01 3.675759e+00 2.502255e+00 0.000000e+00 0.000000e+00 0.000000e+00 0.000000e+00 -9.771430e-02
4.610695e+00 -1.164840e+00 1.638336e+00 0.000000e+00 0.000000e+00 0.000000e+00 0.000000e+00 -1.220163e-01
1.796585e+00 -5.859944e+00 4.793007e+00 0.000000e+00 0.000000e+00 0.000000e+00 0.000000e+00 -2.792894e-01
-3.705296e+00 -6.222495e+00 3.158652e+00 0.000000e+00 0.000000e+00 0.000000e+00 0.000000e+00 -2.781593e-01
2.016433e+00 2.982986e+00 1.476418e+00 0.000000e+00 0.000000e+00 0.000000e+00 0.000000e+00 -5.839286e-02
-4.626564e+00 2.872674e+00 -5.338557e-01 0.000000e+00 0.000000e+00 0.000000e+00 0.000000e+00 -1.382908e-01
2.070697e+00 -4.070441e+00 4.384392e+00 0.000000e+00 0.000000e+00 0.000000e+00 0.000000e+00 -1.881545e-01
3.857543e+00 4.689367e+00 2.524967e+00 0.000000e+00 0.000000e+00 0.000000e+00 0.000000e+00 -1.898583e-01
1.812139e+00 6.632214e+00 3.023033e+00 0.000000e+00 0.000000e+00 0.000000e+00 0.000000e+00 -2.415722e-01
1.797716e+00 -2.646100e+00 -3.917671e-01 0.000000e+00 0.000000e+00 0.000000e+00 0.000000e+00 -4.730396e-02
-4.897571e+00 -1.173432e+00 -1.712159e+00 0.000000e+00 0.000000e+00 0.000000e+00 0.000000e+00 -1.360892e-01
6.936031e-01 1.509387e+00 1.926739e+00 0.000000e+00 0.000000e+00 0.000000e+00 0.000000e+00 -2.719931e-02
-6.571007e+00 2.365066e+00 3.568723e+00 0.000000e+00 0.000000e+00 0.000000e+00 0.000000e+00 -2.774712e-01
-3.591838e+00 6.430373e+00 -6.791083e-02 0.000000e+00 0.000000e+00 0.000000e+00 0.000000e+00 -2.335069e-01
-3.550607e+00 1.180577e+00 2.016622e+00 0.000000e+00 0.000000e+00 0.000000e+00 0.000000e+00 -9.372811e-02
5.072981e+00 -1.953296e+00 1.324139e+00 0.000000e+00 0.000000e+00 0.000000e+00 0.000000e+00 -1.517781e-01
3.370906e+00 9.748206e-01 2.121343e+00 0.000000e+00 0.000000e+00 0.000000e+00 0.000000e+00 -7.534241e-02
6.293730e+00 3.921406e-01 2.093174e+00 0.000000e+00 0.000000e+00 0.000000e+00 0.000000e+00 -1.963713e-01
4.152422e+00 -6.143815e+00 -2.570015e+00 0.000000e+00 0.000000e+00 0.000000e+00 0.000000e+00 -2.796784e-01
8.921716e-01 -1.191373e+00 -6.571410e+00 0.000000e+00 0.000000e+00 0.000000e+00 0.000000e+00 -2.025095e-01
-2.577384e+00 -4.719447e+00 -3.370384e+00 0.000000e+00 0.000000e+00 0.000000e+00 0.000000e+00 -1.892343e-01
2.300956e-01 -3.502680e+00 -6.485623e+00 0.000000e+00 0.000000e+00 0.000000e+00 0.000000e+00 -2.448550e-01
-2.314956e+00 2.735566e+00 5.735120e+00 0.000000e+00 0.000000e+00 0.000000e+00 0.000000e+00 -2.035801e-01
-4.105849e+00 -1.511826e+00 -1.628399e+00 0.000000e+00 0.000000e+00 0.000000e+00 0.000000e+00 -1.117624e-01
3.305216e+00 6.384038e-01 6.802417e+00 0.000000e+00 0.000000e+00 0.000000e+00 0.000000e+00 -2.636869e-01
-2.610023e+00 -4.227000e+00 3.134633e+00 0.000000e+00 0.000000e+00 0.000000e+00 0.000000e+00 -1.640015e-01
-5.557288e+00 -2.574473e+00 4.453539e+00 0.000000e+00 0.000000e+00 0.000000e+00 0.000000e+00 -2.678516e-01
-5.888473e+00 -2.912968e+00 1.004433e+00 0.000000e+00 0.000000e+00 0.000000e+00 0.000000e+00 -2.040755e-01
-3.939522e+00 2.187391e+00 2.589103e+00 0.000000e+00 0.000000e+00 0.000000e+00 0.000000e+00 -1.325011e-01
2.416182e-01 4.284185e-01 -7.355813e+00 0.000000e+00 0.000000e+00 0.000000e+00 0.000000e+00 -2.380299e-01
2.104316e+00 -1.119801e+00 5.996396e+00 0.000000e+00 0.000000e+00 0.000000e+00 0.000000e+00 -1.919293e-01
-1.363643e+00 2.631319e+00 2.149178e+00 0.000000e+00 0.000000e+00 0.000000e+00 0.000000e+00 -5.250455e-02
-2.207216e+00 2.075003e+00 -6.859292e+00 0.000000e+00 0.000000e+00 0.000000e+00 0.000000e+00 -2.472160e-01
2.453431e+00 3.509006e+00 -8.662581e-01 0.000000e+00 0.000000e+00 0.000000e+00 0.000000e+00 -9.061522e-02
-3.351843e+00 -4.317881e+00 -2.165926e-01 0.000000e+00 0.000000e+00 0.000000e+00 0.000000e+00 -1.503680e-01
-1.709752e-01 -3.798732e+00 1.089675e+00 0.000000e+00 0.000000e+00 0.000000e+00 0.000000e+00 -8.074579e-02
3.873793e+00 2.624184e+00 6.033637e+00 0.000000e+00 0.000000e+00 0.000000e+00 0.000000e+00 -2.631628e-01
7.411983e+00 6.185671e-01 -1.576844e+00 0.000000e+00 0.000000e+00 0.000000e+00 0.000000e+00 -2.584553e-01
5.349742e+00 4.945437e+00 1.016586e-01 0.000000e+00 0.000000e+00 0.000000e+00 0.000000e+00 -2.260937e-01
3.001586e+00 1.572154e+00 3.662999e-01 0.000000e+00 0.000000e+00 0.000000e+00 0.000000e+00 -4.617541e-02
-4.477349e+00 2.794668e+00 -5.038257e+00 0.000000e+00 0.000000e+00 0.000000e+00 0.000000e+00 -2.315485e-01
-1.278119e+00 -1.370892e+00 1.546204e+00 0.000000e+00 0.000000e+00 0.000000e+00 0.000000e+00 -2.800355e-02
-3.917813e+00 -1.424956e+00 9.513023e-01 0.000000e+00 0.000000e+00 0.000000e+00 0.000000e+00 -9.442588e-02
-3.965570e+00 6.511852e+00 -2.530343e-01 0.000000e+00 0.000000e+00 0.000000e+00 0.000000e+00 -2.545215e-01
-2.085032e+00 3.005553e-01 -3.246324e+00 0.000000e+00 0.000000e+00 0.000000e+00 0.000000e+00 -6.302169e-02
-1.410563e+00 -3.524812e+00 1.354612e+00 0.000000e+00 0.000000e+00 0.000000e+00 0.000000e+00 -8.782534e-02
-2.018656e-01 8.534432e-01 -4.286457e-01 0.000000e+00 0.000000e+00 0.000000e+00 0.000000e+00 -0.000000e+00
1.407776e+00 1.877203e+00 6.922778e+00 0.000000e+00 0.000000e+00 0.000000e+00 0.000000e+00 -2.374147e-01
-3.255422e+00 4.525041e+00 -3.718586e-01 0.000000e+00 0.000000e+00 0.000000e+00 0.000000e+00 -1.400391e-01
3.483845e+00 6.603788e+00 -1.654402e+00 0.000000e+00 0.000000e+00 0.000000e+00 0.000000e+00 -2.519935e-01
-1.320509e+00 3.178459e+00 5.637519e+00 0.000000e+00 0.000000e+00 0.000000e+00 0.000000e+00 -1.946550e-01
-4.788368e+00 2.150614e+00 -3.467380e+00 0.000000e+00 0.000000e+00 0.000000e+00 0.000000e+00 -1.753923e-01
6.371028e+00 -3.021495e+00 8.899103e-01 0.000000e+00 0.000000e+00 0.000000e+00 0.000000e+00 -2.245270e-01
-7.533948e+00 -1.283488e-01 -1.600860e+00 0.000000e+00 0.000000e+00 0.000000e+00 0.000000e+00 -2.716289e-01
-5.020083e+00 -4.456748e+00 -1.061277e+00 0.000000e+00 0.000000e+00 0.000000e+00 0.000000e+00 -2.102518e-01
4.353523e+00 -4.251786e+00 -3.624739e+00 0.000000e+00 0.000000e+00 0.000000e+00 0.000000e+00 -2.223837e-01
-4.417871e+00 -1.954215e+00 -1.302028e+00 0.000000e+00 0.000000e+00 0.000000e+00 0.000000e+00 -1.244087e-01
4.219299e+00 5.133205e-01 -2.177818e+00 0.000000e+00 0.000000e+00 0.000000e+00 0.000000e+00 -1.107242e-01
-3.233059e+00 -4.703520e+00 1.574163e+00 0.000000e+00 0.000000e+00 0.000000e+00 0.000000e+00 -1.670613e-01
4.755490e+00 1.904571e+00 -2.493667e-01 0.000000e+00 0.000000e+00 0.000000e+00 0.000000e+00 -1.213844e-01
-2.586609e-01 4.170638e+00 -2.119852e+00 0.000000e+00 0.000000e+00 0.000000e+00 0.000000e+00 -1.040596e-01
6.169647e-01 6.395559e+00 3.863601e+00 0.000000e+00 0.000000e+00 0.000000e+00 0.000000e+00 -2.420823e-01
1.124960e+00 -6.970094e+00 7.177285e-01 0.000000e+00 0.000000e+00 0.000000e+00 0.000000e+00 -2.324823e-01
3.705312e+00 -5.963939e+00 -2.577979e-01 0.000000e+00 0.000000e+00 0.000000e+00 0.000000e+00 -2.228932e-01
2.005904e+00 -2.269975e+00 2.310491e+00 0.000000e+00 0.000000e+00 0.000000e+00 0.000000e+00 -7.013158e-02
-5.877206e+00 -5.986474e-01 4.420800e+00 0.000000e+00 0.000000e+00 0.000000e+00 0.000000e+00 -2.502087e-01
-2.171732e+00 -2.355645e+00 3.695667e+00 0.000000e+00 0.000000e+00 0.000000e+00 0.000000e+00 -1.208917e-01
-3.185544e-01 1.669671e+00 7.739618e+00 0.000000e+00 0.000000e+00 0.000000e+00 0.000000e+00 -2.801982e-01
5.993871e+00 -1.156138e+00 -4.947962e-01 0.000000e+00 0.000000e+00 0.000000e+00 0.000000e+00 -1.683136e-01
-1.471771e+00 -5.150532e+00 3.556203e+00 0.000000e+00 0.000000e+00 0.000000e+00 0.000000e+00 -1.950796e-01
5.921820e+00 7.625969e-01 -8.206446e-01 0.000000e+00 0.000000e+00 0.000000e+00 0.000000e+00 -1.642264e-01
3.057718e+00 3.279470e+00 8.477892e-01 0.000000e+00 0.000000e+00 0.000000e+00 0.000000e+00 -9.928781e-02
-8.252938e-01 2.537290e+00 5.033115e-01 0.000000e+00 0.000000e+00 0.000000e+00 0.000000e+00 -3.290123e-02
-4.410274e+00 6.074234e+00 6.947905e-01 0.000000e+00 0.000000e+00 0.000000e+00 0.000000e+00 -2.480159e-01
-6.198481e+00 -3.139855e+00 -2.482939e+00 0.000000e+00 0.000000e+00 0.000000e+00 0.000000e+00 -2.502791e-01
-2.238758e+00 -1.955775e+00 -6.256372e+00 0.000000e+00 0.000000e+00 0.000000e+00 0.000000e+00 -2.120584e-01
4.946936e+00 -2.757534e+00 4.219155e+00 0.000000e+00 0.000000e+00 0.000000e+00 0.000000e+00 -2.201880e-01
5.012569e+00 2.554549e+00 -5.203493e+00 0.000000e+00 0.000000e+00 0.000000e+00 0.000000e+00 -2.603258e-01
5.679140e+00 -1.146229e+00 2.804140e+00 0.000000e+00 0.000000e+00 0.000000e+00 0.000000e+00 -1.888060e-01
-2.991941e-01 -5.986595e+00 -1.299090e+00 0.000000e+00 0.000000e+00 0.000000e+00 0.000000e+00 -1.781882e-01
4.129281e+00 1.029920e-01 -6.683985e+00 0.000000e+00 0.000000e+00 0.000000e+00 0.000000e+00 -2.758672e-01
-6.019426e-01 -3.613919e-01 6.617330e+00 0.000000e+00 0.000000e+00 0.000000e+00 0.000000e+00 -2.008440e-01
-3.347458e+00 -1.779713e+00 -5.997931e+00 0.000000e+00 0.000000e+00 0.000000e+00 0.000000e+00 -2.207970e-01
-6.455059e+00 2.629467e+00 -5.868324e-01 0.000000e+00 0.000000e+00 0.000000e+00 0.000000e+00 -2.144982e-01
-3.490828e+00 5.377190e+00 -3.351165e+00 0.000000e+00 0.000000e+00 0.000000e+00 0.000000e+00 -2.214008e-01
-4.856270e+00 3.105006e+00 -6.568582e-01 0.000000e+00 0.000000e+00 0.000000e+00 0.000000e+00 -1.577723e-01
3.139544e+00 -4.363719e-01 -3.882827e+00 0.000000e+00 0.000000e+00 0.000000e+00 0.000000e+00 -1.183991e-01
-4.295687e+00 1.001033e+00 5.978174e+00 0.000000e+00 0.000000e+00 0.000000e+00 0.000000e+00 -2.508367e-01
-5.401023e+00 -2.379390e+00 -3.640429e+00 0.000000e+00 0.000000e+00 0.000000e+00 0.000000e+00 -2.149950e-01
4.522125e+00 -2.211280e+00 5.975054e+00 0.000000e+00 0.000000e+00 0.000000e+00 0.000000e+00 -2.781206e-01
4.291512e+00 5.901710e+00 -2.126853e+00 0.000000e+00 0.000000e+00 0.000000e+00 0.000000e+00 -2.491391e-01
-1.163957e+00 -7.428397e-01 -4.725995e+00 0.000000e+00 0.000000e+00 0.000000e+00 0.000000e+00 -1.177902e-01
-4.694275e+00 -5.255562e+00 1.100081e+00 0.000000e+00 0.000000e+00 0.000000e+00 0.000000e+00 -2.351028e-01
-2.762857e+00 6.422460e+00 -9.688094e-01 0.000000e+00 0.000000e+00 0.000000e+00 0.000000e+00 -2.106738e-01
-5.206113e+00 -2.942908e+00 -1.228258e+00 0.000000e+00 0.000000e+00 0.000000e+00 0.000000e+00 -1.729441e-01
5.054871e+00 -9.150428e-01 2.857931e+00 0.000000e+00 0.000000e+00 0.000000e+00 0.000000e+00 -1.609401e-01
-1.044934e+00 -1.754436e+00 -5.307610e+00 0.000000e+00 0.000000e+00 0.000000e+00 0.000000e+00 -1.535239e-01
-1.739139e+00 1.777716e-01 6.371245e+00 0.000000e+00 0.000000e+00 0.000000e+00 0.000000e+00 -1.991060e-01
-3.637792e+00 -4.712265e-01 3.056831e+00 0.000000e+00 0.000000e+00 0.000000e+00 0.000000e+00 -1.148338e-01
-1.641203e+00 1.707661e+00 6.926404e-01 0.000000e+00 0.000000e+00 0.000000e+00 0.000000e+00 -2.614661e-02
-5.583663e+00 2.556282e+00 1.818957e-01 0.000000e+00 0.000000e+00 0.000000e+00 0.000000e+00 -1.695281e-01
3.800198e+00 5.549326e+00 1.064182e+00 0.000000e+00 0.000000e+00 0.000000e+00 0.000000e+00 -1.994060e-01
1.606165e+00 -3.008970e+00 -6.267594e+00 0.000000e+00 0.000000e+00 0.000000e+00 0.000000e+00 -2.265935e-01
-2.797361e+00 -1.860449e+00 -2.091919e+00 0.000000e+00 0.000000e+00 0.000000e+00 0.000000e+00 -7.338632e-02
5.040783e+00 -2.706053e+00 -1.159919e+00 0.000000e+00 0.000000e+00 0.000000e+00 0.000000e+00 -1.592516e-01
1.681196e+00 3.403170e+00 5.777188e+00 0.000000e+00 0.000000e+00 0.000000e+00 0.000000e+00 -2.081309e-01
-2.751147e-01 1.597590e+00 3.668542e-01 0.000000e+00 0.000000e+00 0.000000e+00 0.000000e+00 -8.787924e-03
1.356855e+00 6.783178e+00 -6.175171e-01 0.000000e+00 0.000000e+00 0.000000e+00 0.000000e+00 -2.052929e-01
5.991009e-01 1.011622e+00 -2.025334e+00 0.000000e+00 0.000000e+00 0.000000e+00 0.000000e+00 -2.213714e-02
-2.816280e+00 -1.648854e+00 3.915330e+00 0.000000e+00 0.000000e+00 0.000000e+00 0.000000e+00 -1.338136e-01
-4.394928e+00 -4.154913e+00 3.525172e+00 0.000000e+00 0.000000e+00 0.000000e+00 0.000000e+00 -2.233658e-01
2.086714e+00 -2.472239e+00 5.498049e+00 0.000000e+00 0.000000e+00 0.000000e+00 0.000000e+00 -1.904494e-01
-1.393410e+00 4.444508e+00 5.967905e+00 0.000000e+00 0.000000e+00 0.000000e+00 0.000000e+00 -2.549923e-01
-4.077923e-01 -2.962518e+00 5.800155e+00 0.000000e+00 0.000000e+00 0.000000e+00 0.000000e+00 -1.976539e-01
-2.895258e+00 -8.657609e-01 -1.225181e+00 0.000000e+00 0.000000e+00 0.000000e+00 0.000000e+00 -4.996438e-02
-2.994115e+00 -4.350356e+00 3.482553e+00 0.000000e+00 0.000000e+00 0.000000e+00 0.000000e+00 -1.907886e-01
-3.972730e+00 -1.582720e+00 9.732122e-01 0.000000e+00 0.000000e+00 0.000000e+00 0.000000e+00 -1.000460e-01
1.131251e+00 -4.020800e+00 -2.713408e+00 0.000000e+00 0.000000e+00 0.000000e+00 0.000000e+00 -1.239215e-01
5.833520e-01 3.682036e+00 9.022313e-01 0.000000e+00 0.000000e+00 0.000000e+00 0.000000e+00 -5.474732e-02
-8.832712e-01 4.775672e+00 -4.057474e+00 0.000000e+00 0.000000e+00 0.000000e+00 0.000000e+00 -1.719237e-01
1.802751e+00 -6.355797e+00 1.988084e+00 0.000000e+00 0.000000e+00 0.000000e+00 0.000000e+00 -2.162295e-01
4.648926e+00 -1.897226e+00 -5.589683e+00 0.000000e+00 0.000000e+00 0.000000e+00 0.000000e+00 -2.546216e-01
1.446505e+00 -4.275705e+00 3.078625e+00 0.000000e+00 0.000000e+00 0.000000e+00 0.000000e+00 -1.484675e-01
-1.545903e+00 -3.958383e+00 -5.428811e+00 0.000000e+00 0.000000e+00 0.000000e+00 0.000000e+00 -2.123126e-01
-3.061437e+00 1.561480e+00 5.722876e+00 0.000000e+00 0.000000e+00 0.000000e+00 0.000000e+00 -2.005795e-01
7.044008e+00 -4.790736e-01 2.977894e+00 0.000000e+00 0.000000e+00 0.000000e+00 0.000000e+00 -2.659294e-01
7.652857e+00 1.466298e+00 -1.399490e+00 0.000000e+00 0.000000e+00 0.000000e+00 0.000000e+00 -2.766641e-01
3.978950e-01 -7.048104e+00 3.278097e+00 0.000000e+00 0.000000e+00 0.000000e+00 0.000000e+00 -2.806733e-01
1.319213e-01 -5.129573e+00 1.738089e+00 0.000000e+00 0.000000e+00 0.000000e+00 0.000000e+00 -1.450127e-01
-5.807897e-01 -4.390596e+00 -5.043742e-02 0.000000e+00 0.000000e+00 0.000000e+00 0.000000e+00 -1.038085e-01
-5.549476e-01 -4.549014e-01 -4.866922e+00 0.000000e+00 0.000000e+00 0.000000e+00 0.000000e+00 -1.173402e-01
-2.723066e+00 -2.398983e+00 -4.918181e+00 0.000000e+00 0.000000e+00 0.000000e+00 0.000000e+00 -1.699177e-01
-3.032136e+00 -1.662981e-01 -2.179769e+00 0.000000e+00 0.000000e+00 0.000000e+00 0.000000e+00 -5.737645e-02
-4.015488e-01 7.561968e+00 -4.531078e-01 0.000000e+00 0.000000e+00 0.000000e+00 0.000000e+00 -2.477829e-01
-4.103015e+00 2.180987e+00 3.885113e-01 0.000000e+00 0.000000e+00 0.000000e+00 0.000000e+00 -1.085740e-01
2.757187e+00 -8.721022e-01 -2.245553e+00 0.000000e+00 0.000000e+00 0.000000e+00 0.000000e+00 -5.299400e-02
-7.128712e-01 -4.748697e+00 -2.614764e+00 0.000000e+00 0.000000e+00 0.000000e+00 0.000000e+00 -1.463046e-01
3.804074e+00 3.810883e+00 3.634521e+00 0.000000e+00 0.000000e+00 0.000000e+00 0.000000e+00 -1.858059e-01
1.292166e+00 2.396484e+00 1.186172e+00 0.000000e+00 0.000000e+00 0.000000e+00 0.000000e+00 -4.103421e-02
3.127089e+00 1.718843e+00 5.126523e+00 0.000000e+00 0.000000e+00 0.000000e+00 0.000000e+00 -1.740686e-01
-1.326606e+00 4.128668e+00 3.306168e-01 0.000000e+00 0.000000e+00 0.000000e+00 0.000000e+00 -9.153969e-02
5.234297e+00 9.101203e-01 -3.778704e+00 0.000000e+00 0.000000e+00 0.000000e+00 0.000000e+00 -1.875644e-01
3.121247e-01 4.965465e+00 7.158544e-01 0.000000e+00 0.000000e+00 0.000000e+00 0.000000e+00 -1.160199e-01
2.210150e+00 2.943139e+00 -1.259599e+00 0.000000e+00 0.000000e+00 0.000000e+00 0.000000e+00 -5.529000e-02
-4.547024e+00 -8.374450e-01 1.271632e+00 0.000000e+00 0.000000e+00 0.000000e+00 0.000000e+00 -1.151888e-01
6.636284e+00 1.778086e+00 -2.785262e+00 0.000000e+00 0.000000e+00 0.000000e+00 0.000000e+00 -2.385478e-01
-1.447357e+00 4.147075e-01 9.974735e-01 0.000000e+00 0.000000e+00 0.000000e+00 0.000000e+00 -9.795990e-03
-3.919226e+00 -4.759956e+00 -3.126212e+00 0.000000e+00 0.000000e+00 0.000000e+00 0.000000e+00 -2.161334e-01
-5.601473e-02 5.582724e+00 3.489607e+00 0.000000e+00 0.000000e+00 0.000000e+00 0.000000e+00 -1.921082e-01
4.939072e+00 -5.233281e+00 -2.497127e-01 0.000000e+00 0.000000e+00 0.000000e+00 0.000000e+00 -2.355917e-01
-5.733658e-01 -4.802300e+00 -1.934713e+00 0.000000e+00 0.000000e+00 0.000000e+00 0.000000e+00 -1.345688e-01
-3.615011e+00 -4.581182e+00 -2.870628e+00 0.000000e+00 0.000000e+00 0.000000e+00 0.000000e+00 -1.975259e-01
5.783474e+00 7.508542e-01 -3.600608e+00 0.000000e+00 0.000000e+00 0.000000e+00 0.000000e+00 -2.046681e-01
-5.276196e+00 4.066435e+00 -3.262238e+00 0.000000e+00 0.000000e+00 0.000000e+00 0.000000e+00 -2.403241e-01
3.160553e+00 -1.518584e+00 4.216871e+00 0.000000e+00 0.000000e+00 0.000000e+00 0.000000e+00 -1.427815e-01
-1.585305e+00 6.794700e+00 -2.272207e+00 0.000000e+00 0.000000e+00 0.000000e+00 0.000000e+00 -2.279749e-01
1.603334e+00 4.412052e+00 6.033651e+00 0.000000e+00 0.000000e+00 0.000000e+00 0.000000e+00 -2.618816e-01
-2.107517e+00 7.903801e-01 3.474067e+00 0.000000e+00 0.000000e+00 0.000000e+00 0.000000e+00 -8.619204e-02
7.328602e-01 5.749908e+00 -3.248810e-02 0.000000e+00 0.000000e+00 0.000000e+00 0.000000e+00 -1.521593e-01
-4.150755e+00 5.421908e+00 3.996469e+00 0.000000e+00 0.000000e+00 0.000000e+00 0.000000e+00 -2.769344e-01
1.898582e+00 -3.512451e-01 3.575222e+00 0.000000e+00 0.000000e+00 0.000000e+00 0.000000e+00 -7.894350e-02
-1.501589e+00 -3.232799e+00 -2.278931e+00 0.000000e+00 0.000000e+00 0.000000e+00 0.000000e+00 -9.310086e-02
-1.585803e+00 -2.003879e-01 -2.693843e+00 0.000000e+00 0.000000e+00 0.000000e+00 0.000000e+00 -4.159470e-02
2.145716e+00 4.957807e+00 -7.525400e-01 0.000000e+00 0.000000e+00 0.000000e+00 0.000000e+00 -1.349487e-01
-5.075013e+00 -1.041362e-01 -2.365545e-01 0.000000e+00 0.000000e+00 0.000000e+00 0.000000e+00 -1.261712e-01
1.005839e+00 -3.987716e+00 -6.210907e+00 0.000000e+00 0.000000e+00 0.000000e+00 0.000000e+00 -2.529897e-01
1.050152e+00 -6.031387e-01 -5.637605e+00 0.000000e+00 0.000000e+00 0.000000e+00 0.000000e+00 -1.558306e-01
2.678980e+00 1.892736e+00 6.673848e+00 0.000000e+00 0.000000e+00 0.000000e+00 0.000000e+00 -2.457443e-01
-6.220789e+00 2.167498e+00 -1.681454e+00 0.000000e+00 0.000000e+00 0.000000e+00 0.000000e+00 -2.040781e-01
-2.201993e-01 -3.483774e+00 -6.587228e+00 0.000000e+00 0.000000e+00 0.000000e+00 0.000000e+00 -2.535817e-01
-3.452120e+00 3.423795e+00 -5.898769e+00 0.000000e+00 0.000000e+00 0.000000e+00 0.000000e+00 -2.613203e-01
-2.327172e+00 -6.356106e+00 2.536105e+00 0.000000e+00 0.000000e+00 0.000000e+00 0.000000e+00 -2.430907e-01
6.457262e+00 1.825952e+00 2.612930e+00 0.000000e+00 0.000000e+00 0.000000e+00 0.000000e+00 -2.239176e-01
7.189611e-01 5.262680e+00 3.471645e+00 0.000000e+00 0.000000e+00 0.000000e+00 0.000000e+00 -1.750093e-01
1.423905e+00 7.235909e-02 -2.911833e+00 0.000000e+00 0.000000e+00 0.000000e+00 0.000000e+00 -4.369530e-02
-2.396300e+00 4.266784e+00 6.051848e+00 0.000000e+00 0.000000e+00 0.000000e+00 0.000000e+00 -2.725855e-01
5.864205e-01 3.469164e+00 -2.860756e+00 0.000000e+00 0.000000e+00 0.000000e+00 0.000000e+00 -9.627303e-02
1.625343e+00 2.120264e-01 -7.185435e+00 0.000000e+00 0.000000e+00 0.000000e+00 0.000000e+00 -2.375648e-01
1.437880e-01 5.563910e+00 -1.344794e+00 0.000000e+00 0.000000e+00 0.000000e+00 0.000000e+00 -1.436589e-01
9.483065e-01 -2.569523e+00 5.473970e+00 0.000000e+00 0.000000e+00 0.000000e+00 0.000000e+00 -1.733894e-01
1.094381e+00 -5.036257e-01 3.915854e+00 0.000000e+00 0.000000e+00 0.000000e+00 0.000000e+00 -8.339615e-02
-4.984313e+00 2.078111e+00 7.863789e-01 0.000000e+00 0.000000e+00 0.000000e+00 0.000000e+00 -1.385976e-01
-2.912700e+00 -8.417104e-01 4.834686e+00 0.000000e+00 0.000000e+00 0.000000e+00 0.000000e+00 -1.575576e-01
2.306874e+00 3.693838e+00 2.127306e+00 0.000000e+00 0.000000e+00 0.000000e+00 0.000000e+00 -1.111265e-01
4.230310e+00 -1.847892e+00 -2.047620e+00 0.000000e+00 0.000000e+00 0.000000e+00 0.000000e+00 -1.225724e-01
3.202484e+00 3.775938e+00 -1.374414e+00 0.000000e+00 0.000000e+00 0.000000e+00 0.000000e+00 -1.197557e-01
1.293260e+00 -2.125539e-01 4.424650e+00 0.000000e+00 0.000000e+00 0.000000e+00 0.000000e+00 -1.090966e-01
-5.908738e+00 1.062561e+00 -1.353536e+00 0.000000e+00 0.000000e+00 0.000000e+00 0.000000e+00 -1.706214e-01
2.008293e-01 -5.454938e+00 1.715960e-01 0.000000e+00 0.000000e+00 0.000000e+00 0.000000e+00 -1.495984e-01
2.737851e-01 5.975018e+00 4.843187e+00 0.000000e+00 0.000000e+00 0.000000e+00 0.000000e+00 -2.646981e-01
-1.342967e+00 -1.604537e+00 -7.307499e+00 0.000000e+00 0.000000e+00 0.000000e+00 0.000000e+00 -2.652840e-01
-5.169335e-01 5.494268e+00 -2.373438e-01 0.000000e+00 0.000000e+00 0.000000e+00 0.000000e+00 -1.354336e-01
1.967044e+00 -5.449556e-01 1.558025e-01 0.000000e+00 0.000000e+00 0.000000e+00 0.000000e+00 -1.964554e-02
6.406623e+00 2.462239e+00 -2.410254e+00 0.000000e+00 0.000000e+00 0.000000e+00 0.000000e+00 -2.266930e-01
-6.647594e+00 -1.110837e+00 2.920055e+00 0.000000e+00 0.000000e+00 0.000000e+00 0.000000e+00 -2.462638e-01
1.321818e+00 -7.331859e+00 -1.201822e+00 0.000000e+00 0.000000e+00 0.000000e+00 0.000000e+00 -2.683800e-01
4.362788e+00 5.563676e+00 -5.478183e-01 0.000000e+00 0.000000e+00 0.000000e+00 0.000000e+00 -2.109361e-01
1.827171e+00 -1.445185e-01 3.697062e+00 0.000000e+00 0.000000e+00 0.000000e+00 0.000000e+00 -8.543082e-02
-6.547798e+00 -1.411465e+00 -1.900524e+00 0.000000e+00 0.000000e+00 0.000000e+00 0.000000e+00 -2.155437e-01
2.898125e+00 -4.018703e+00 1.251307e+00 0.000000e+00 0.000000e+00 0.000000e+00 0.000000e+00 -1.342607e-01
-5.784740e+00 3.295992e+00 -3.321487e+00 0.000000e+00 0.000000e+00 0.000000e+00 0.000000e+00 -2.426100e-01
-2.061198e+00 -4.827824e+00 1.495437e+00 0.000000e+00 0.000000e+00 0.000000e+00 0.000000e+00 -1.510272e-01
-2.746304e+00 6.480412e+00 2.621839e+00 0.000000e+00 0.000000e+00 0.000000e+00 0.000000e+00 -2.437327e-01
-1.225003e+00 -3.901594e+00 -1.099283e+00 0.000000e+00 0.000000e+00 0.000000e+00 0.000000e+00 -9.541568e-02
-1.976009e+00 3.583088e+00 1.428670e+00 0.000000e+00 0.000000e+00 0.000000e+00 0.000000e+00 -9.213425e-02
1.772929e+00 2.702687e+00 -1.325643e+00 0.000000e+00 0.000000e+00 0.000000e+00 0.000000e+00 -5.113442e-02
1.962902e+00 6.757665e+00 -2.811855e+00 0.000000e+00 0.000000e+00 0.000000e+00 0.000000e+00 -2.453597e-01
3.400143e+00 -6.736746e-02 6.654470e+00 0.000000e+00 0.000000e+00 0.000000e+00 0.000000e+00 -2.541384e-01
1.974794e+00 4.192286e+00 5.432031e+00 0.000000e+00 0.000000e+00 0.000000e+00 0.000000e+00 -2.178814e-01
5.412388e+00 2.494339e+00 3.244883e+00 0.000000e+00 0.000000e+00 0.000000e+00 0.000000e+00 -2.019480e-01
6.911756e-01 3.225743e+00 2.015741e+00 0.000000e+00 0.000000e+00 0.000000e+00 0.000000e+00 -5.624248e-02
3.551658e+00 2.403439e+00 -1.336289e-01 0.000000e+00 0.000000e+00 0.000000e+00 0.000000e+00 -8.725111e-02
1.768105e+00 -4.731577e+00 -5.857508e+00 0.000000e+00 0.000000e+00 0.000000e+00 0.000000e+00 -2.750792e-01
-4.039361e-01 5.967615e+00 4.991874e+00 0.000000e+00 0.000000e+00 0.000000e+00 0.000000e+00 -2.694204e-01
-6.077113e+00 2.581521e+00 -2.305634e+00 0.000000e+00 0.000000e+00 0.000000e+00 0.000000e+00 -2.135927e-01
-8.225760e-01 -2.350000e+00 -2.566407e-01 0.000000e+00 0.000000e+00 0.000000e+00 0.000000e+00 -3.549720e-02
7.312492e-02 3.175005e+00 -3.187631e+00 0.000000e+00 0.000000e+00 0.000000e+00 0.000000e+00 -9.371327e-02
3.803703e+00 -5.488000e+00 -3.199682e+00 0.000000e+00 0.000000e+00 0.000000e+00 0.000000e+00 -2.516070e-01
-1.176349e+00 -5.996228e+00 2.742615e-01 0.000000e+00 0.000000e+00 0.000000e+00 0.000000e+00 -1.788952e-01
7.794083e-01 -5.991895e+00 1.006987e+00 0.000000e+00 0.000000e+00 0.000000e+00 0.000000e+00 -1.795934e-01
4.373516e+00 4.381353e+00 3.654532e+00 0.000000e+00 0.000000e+00 0.000000e+00 0.000000e+00 -2.197805e-01
-1.295970e+00 -3.883839e+00 3.781420e+00 0.000000e+00 0.000000e+00 0.000000e+00 0.000000e+00 -1.539497e-01
-3.492225e+00 5.520324e+00 -2.037596e+00 0.000000e+00 0.000000e+00 0.000000e+00 0.000000e+00 -2.029564e-01
-6.556384e+00 -7.171845e-01 -3.840187e+00 0.000000e+00 0.000000e+00 0.000000e+00 0.000000e+00 -2.661334e-01
-2.543323e+00 -4.660230e+00 4.444503e+00 0.000000e+00 0.000000e+00 0.000000e+00 0.000000e+00 -2.173020e-01
5.816182e+00 -2.889886e+00 8.997693e-01 0.000000e+00 0.000000e+00 0.000000e+00 0.000000e+00 -1.954758e-01
2.028364e+00 -1.196864e+00 -1.118230e+00 0.000000e+00 0.000000e+00 0.000000e+00 0.000000e+00 -3.412458e-02
5.818533e+00 -3.336014e+00 -1.524729e+00 0.000000e+00 0.000000e+00 0.000000e+00 0.000000e+00 -2.093134e-01
-3.989389e+00 1.872793e-01 -6.668420e+00 0.000000e+00 0.000000e+00 0.000000e+00 0.000000e+00 -2.739231e-01
-5.682341e+00 -5.016176e+00 1.465676e+00 0.000000e+00 0.000000e+00 0.000000e+00 0.000000e+00 -2.777867e-01
2.206940e-01 6.489184e-01 -3.900727e+00 0.000000e+00 0.000000e+00 0.000000e+00 0.000000e+00 -6.919728e-02
-2.455610e-01 4.164870e+00 2.013473e+00 0.000000e+00 0.000000e+00 0.000000e+00 0.000000e+00 -1.034479e-01
3.579678e+00 -5.780691e+00 3.092558e+00 0.000000e+00 0.000000e+00 0.000000e+00 0.000000e+00 -2.622922e-01
-4.156716e-01 -2.892145e+00 -4.471572e+00 0.000000e+00 0.000000e+00 0.000000e+00 0.000000e+00 -1.382008e-01
6.212330e-01 -1.339032e+00 4.858612e+00 0.000000e+00 0.000000e+00 0.000000e+00 0.000000e+00 -1.289604e-01
-9.191390e-01 -3.190893e+00 -1.141700e+00 0.000000e+00 0.000000e+00 0.000000e+00 0.000000e+00 -5.415457e-02
6.236711e+00 2.162285e-01 -3.694640e+00 0.000000e+00 0.000000e+00 0.000000e+00 0.000000e+00 -2.285872e-01
-1.434949e+00 1.099820e+00 -4.860937e+00 0.000000e+00 0.000000e+00 0.000000e+00 0.000000e+00 -1.270038e-01
7.483019e-01 4.137550e+00 -3.900857e+00 0.000000e+00 0.000000e+00 0.000000e+00 0.000000e+00 -1.478205e-01
2.608537e+00 2.646309e-01 1.795390e+00 0.000000e+00 0.000000e+00 0.000000e+00 0.000000e+00 -4.266589e-02
1.529122e+00 -3.009878e+00 1.400727e+00 0.000000e+00 0.000000e+00 0.000000e+00 0.000000e+00 -5.938975e-02
-3.619673e+00 -3.650558e+00 -5.406327e+00 0.000000e+00 0.000000e+00 0.000000e+00 0.000000e+00 -2.566108e-01
-5.457272e+00 1.136670e+00 5.236093e-02 0.000000e+00 0.000000e+00 0.000000e+00 0.000000e+00 -1.455326e-01
1.498454e+00 -7.451794e+00 2.068580e-01 0.000000e+00 0.000000e+00 0.000000e+00 0.000000e+00 -2.730724e-01
3.218122e+00 3.108112e+00 -4.702316e+00 0.000000e+00 0.000000e+00 0.000000e+00 0.000000e+00 -1.848378e-01
-2.327362e+00 -4.353880e+00 2.924220e+00 0.000000e+00 0.000000e+00 0.000000e+00 0.000000e+00 -1.616012e-01
-5.075211e+00 2.920352e+00 -5.114832e+00 0.000000e+00 0.000000e+00 0.000000e+00 0.000000e+00 -2.700427e-01
6.183509e+00 -4.295477e+00 1.441391e+00 0.000000e+00 0.000000e+00 0.000000e+00 0.000000e+00 -2.708748e-01
-2.692828e+00 2.760876e-01 -6.198511e-01 0.000000e+00 0.000000e+00 0.000000e+00 0.000000e+00 -3.853703e-02
-4.990464e+00 -1.078980e+00 1.121658e-01 0.000000e+00 0.000000e+00 0.000000e+00 0.000000e+00 -1.317332e-01
-1.340874e+00 -1.972345e+00 -2.977838e+00 0.000000e+00 0.000000e+00 0.000000e+00 0.000000e+00 -6.483493e-02
-4.207781e+00 3.623664e+00 -9.806514e-01 0.000000e+00 0.000000e+00 0.000000e+00 0.000000e+00 -1.444652e-01
-3.149716e+00 4.203346e+00 2.441071e+00 0.000000e+00 0.000000e+00 0.000000e+00 0.000000e+00 -1.546417e-01
-1.556290e+00 4.151692e+00 6.316004e+00 0.000000e+00 0.000000e+00 0.000000e+00 0.000000e+00 -2.667762e-01
1.435837e+00 2.273856e+00 -5.839899e+00 0.000000e+00 0.000000e+00 0.000000e+00 0.000000e+00 -1.831071e-01
1.706622e-01 3.201629e+00 1.284702e+00 0.000000e+00 0.000000e+00 0.000000e+00 0.000000e+00 -4.861516e-02
2.887136e+00 -6.888351e-01 2.934174e+00 0.000000e+00 0.000000e+00 0.000000e+00 0.000000e+00 -8.978312e-02
4.932943e-01 -3.978592e+00 1.369952e+00 0.000000e+00 0.000000e+00 0.000000e+00 0.000000e+00 -9.720463e-02
3.203320e+00 -2.888196e+00 1.306584e+00 0.000000e+00 0.000000e+00 0.000000e+00 0.000000e+00 -1.056939e-01
2.742704e+00 2.482441e+00 -2.377061e+00 0.000000e+00 0.000000e+00 0.000000e+00 0.000000e+00 -9.272615e-02
1.698334e+00 1.259189e+00 -1.693681e+00 0.000000e+00 0.000000e+00 0.000000e+00 0.000000e+00 -3.124562e-02
6.634697e+00 -1.403739e+00 -2.741275e+00 0.000000e+00 0.000000e+00 0.000000e+00 0.000000e+00 -2.359098e-01
-2.458802e+00 3.069006e+00 -4.841366e+00 0.000000e+00 0.000000e+00 0.000000e+00 0.000000e+00 -1.695307e-01
6.568870e-01 6.744937e+00 -4.077509e+00 0.000000e+00 0.000000e+00 0.000000e+00 0.000000e+00 -2.734676e-01
-3.538527e+00 5.546647e-01 -4.879374e+00 0.000000e+00 0.000000e+00 0.000000e+00 0.000000e+00 -1.653287e-01
-4.560918e+00 -3.554444e+00 2.685653e+00 0.000000e+00 0.000000e+00 0.000000e+00 0.000000e+00 -1.925345e-01
3.334780e+00 4.584724e+00 4.173310e+00 0.000000e+00 0.000000e+00 0.000000e+00 0.000000e+00 -2.114798e-01
3.074546e+00 -5.857087e+00 1.014831e+00 0.000000e+00 0.000000e+00 0.000000e+00 0.000000e+00 -2.063050e-01
2.550210e+00 4.261881e+00 -4.051000e+00 0.000000e+00 0.000000e+00 0.000000e+00 0.000000e+00 -1.771093e-01
-2.042276e+00 9.425543e-01 -6.064128e+00 0.000000e+00 0.000000e+00 0.000000e+00 0.000000e+00 -1.867723e-01
9.320638e-01 1.647424e+00 1.849066e+00 0.000000e+00 0.000000e+00 0.000000e+00 0.000000e+00 -2.972853e-02
2.779983e+00 4.604748e+00 -4.820779e+00 0.000000e+00 0.000000e+00 0.000000e+00 0.000000e+00 -2.188357e-01
-2.874622e+00 2.549083e+00 4.905239e+00 0.000000e+00 0.000000e+00 0.000000e+00 0.000000e+00 -1.747164e-01
3.414934e+00 1.449554e+00 1.615439e+00 0.000000e+00 0.000000e+00 0.000000e+00 0.000000e+00 -7.231548e-02
-2.946306e+00 -3.006574e+00 -2.799451e+00 0.000000e+00 0.000000e+00 0.000000e+00 0.000000e+00 -1.282211e-01
4.209960e+00 -3.559165e+00 3.818882e+00 0.000000e+00 0.000000e+00 0.000000e+00 0.000000e+00 -2.058332e-01
-4.540636e+00 -2.037967e-01 5.348193e+00 0.000000e+00 0.000000e+00 0.000000e+00 0.000000e+00 -2.194219e-01
4.381226e+00 -4.907153e+00 3.938646e+00 0.000000e+00 0.000000e+00 0.000000e+00 0.000000e+00 -2.748004e-01
3.097585e-01 3.091027e+00 5.540061e-01 0.000000e+00 0.000000e+00 0.000000e+00 0.000000e+00 -4.180052e-02
1.944611e+00 -5.531220e+00 -2.038800e+00 0.000000e+00 0.000000e+00 0.000000e+00 0.000000e+00 -1.819817e-01
7.368371e+00 -1.046427e+00 -1.810509e-01 0.000000e+00 0.000000e+00 0.000000e+00 0.000000e+00 -2.468061e-01
-1.559780e+00 -3.420543e+00 5.559627e+00 0.000000e+00 0.000000e+00 0.000000e+00 0.000000e+00 -2.070288e-01
2.751226e+00 2.573444e-01 -2.713303e+00 0.000000e+00 0.000000e+00 0.000000e+00 0.000000e+00 -6.018000e-02
4.909349e+00 -1.906232e+00 -2.265112e+00 0.000000e+00 0.000000e+00 0.000000e+00 0.000000e+00 -1.551007e-01
-4.294438e-01 -3.535300e+00 -4.417766e+00 0.000000e+00 0.000000e+00 0.000000e+00 0.000000e+00 -1.564321e-01
5.876995e-01 -3.757664e+00 4.591508e+00 0.000000e+00 0.000000e+00 0.000000e+00 0.000000e+00 -1.674925e-01
1.949585e+00 2.563200e+00 -3.758515e+00 0.000000e+00 0.000000e+00 0.000000e+00 0.000000e+00 -1.126947e-01
1.637871e+00 3.847590e+00 1.779967e+00 0.000000e+00 0.000000e+00 0.000000e+00 0.000000e+00 -9.864641e-02
-1.213958e+00 -6.802818e+00 1.305580e+00 0.000000e+00 0.000000e+00 0.000000e+00 0.000000e+00 -2.290873e-01
4.154915e+00 2.453230e+00 -5.513205e+00 0.000000e+00 0.000000e+00 0.000000e+00 0.000000e+00 -2.301594e-01
-4.834641e+00 9.440874e-01 -2.483915e+00 0.000000e+00 0.000000e+00 0.000000e+00 0.000000e+00 -1.418370e-01
-2.238574e+00 1.244189e+00 -2.992709e+00 0.000000e+00 0.000000e+00 0.000000e+00 0.000000e+00 -6.705312e-02
1.104147e+00 -5.193328e-01 -4.769111e+00 0.000000e+00 0.000000e+00 0.000000e+00 0.000000e+00 -1.166141e-01
-9.109165e-01 1.507433e+00 -3.039362e+00 0.000000e+00 0.000000e+00 0.000000e+00 0.000000e+00 -5.247068e-02
-2.709588e+00 -4.485849e-01 2.529869e+00 0.000000e+00 0.000000e+00 0.000000e+00 0.000000e+00 -6.242804e-02
3.934642e+00 -1.227118e+00 1.956972e+00 0.000000e+00 0.000000e+00 0.000000e+00 0.000000e+00 -1.047422e-01
-6.747805e-01 1.793183e+00 -2.328517e+00 0.000000e+00 0.000000e+00 0.000000e+00 0.000000e+00 -4.177010e-02
-2.667728e+00 7.041685e+00 2.579885e-01 0.000000e+00 0.000000e+00 0.000000e+00 0.000000e+00 -2.431681e-01
-2.035860e+00 1.215438e+00 3.039062e+00 0.000000e+00 0.000000e+00 0.000000e+00 0.000000e+00 -6.393439e-02
-6.892373e+00 -1.222399e-02 3.753713e+00 0.000000e+00 0.000000e+00 0.000000e+00 0.000000e+00 -2.789621e-01
-5.089047e+00 -4.185791e+00 2.538801e+00 0.000000e+00 0.000000e+00 0.000000e+00 0.000000e+00 -2.296508e-01
-9.104039e-01 3.897180e+00 -2.550596e+00 0.000000e+00 0.000000e+00 0.000000e+00 0.000000e+00 -1.072796e-01
-5.847796e+00 -3.292262e+00 4.115335e+00 0.000000e+00 0.000000e+00 0.000000e+00 0.000000e+00 -2.794170e-01
-4.980676e+00 3.412496e+00 -4.910092e+00 0.000000e+00 0.000000e+00 0.000000e+00 0.000000e+00 -2.695257e-01
-3.565963e+00 3.541562e+00 2.004440e+00 0.000000e+00 0.000000e+00 0.000000e+00 0.000000e+00 -1.350518e-01
2.742379e+00 -3.562573e+00 5.194039e+00 0.000000e+00 0.000000e+00 0.000000e+00 0.000000e+00 -2.141063e-01
-2.402794e+00 2.826109e+00 4.600780e+00 0.000000e+00 0.000000e+00 0.000000e+00 0.000000e+00 -1.602144e-01
-1.548610e+00 -5.612482e+00 4.256473e+00 0.000000e+00 0.000000e+00 0.000000e+00 0.000000e+00 -2.415066e-01
2.727973e+00 -4.928455e+00 5.573466e+00 0.000000e+00 0.000000e+00 0.000000e+00 0.000000e+00 -2.783801e-01
-6.401909e+00 3.958415e+00 1.928560e+00 0.000000e+00 0.000000e+00 0.000000e+00 0.000000e+00 -2.711048e-01
-2.542379e+00 4.292027e+00 4.078253e+00 0.000000e+00 0.000000e+00 0.000000e+00 0.000000e+00 -1.857172e-01
6.494851e+00 -3.733526e+00 -1.330009e+00 0.000000e+00 0.000000e+00 0.000000e+00 0.000000e+00 -2.656492e-01
-3.995532e+00 -1.020627e+00 -3.624896e+00 0.000000e+00 0.000000e+00 0.000000e+00 0.000000e+00 -1.422991e-01
-3.393851e+00 -4.448097e-01 -3.256289e+00 0.000000e+00 0.000000e+00 0.000000e+00 0.000000e+00 -1.127055e-01
6.088512e+00 -1.271911e+00 2.878761e+00 0.000000e+00 0.000000e+00 0.000000e+00 0.000000e+00 -2.087355e-01
1.769433e+00 5.066175e+00 -4.162904e+00 0.000000e+00 0.000000e+00 0.000000e+00 0.000000e+00 -1.988633e-01
5.559978e+00 -4.873598e+00 8.953230e-01 0.000000e+00 0.000000e+00 0.000000e+00 0.000000e+00 -2.561334e-01
4.826706e+00 4.906963e+00 -2.236396e+00 0.000000e+00 0.000000e+00 0.000000e+00 0.000000e+00 -2.203948e-01
1.834612e+00 -1.738844e+00 5.316926e+00 0.000000e+00 0.000000e+00 0.000000e+00 0.000000e+00 -1.635769e-01
-9.761021e-01 -1.464157e+00 -5.415261e-02 0.000000e+00 0.000000e+00 0.000000e+00 0.000000e+00 -1.880060e-02
5.133567e+00 2.955485e+00 4.903953e+00 0.000000e+00 0.000000e+00 0.000000e+00 0.000000e+00 -2.648844e-01
1.545765e+00 -3.658258e-02 -3.792454e+00 0.000000e+00 0.000000e+00 0.000000e+00 0.000000e+00 -7.438940e-02
5.210135e+00 6.991118e-01 1.894842e+00 0.000000e+00 0.000000e+00 0.000000e+00 0.000000e+00 -1.433540e-01
8.611996e-01 -3.877703e+00 -5.405667e-01 0.000000e+00 0.000000e+00 0.000000e+00 0.000000e+00 -8.237912e-02
-3.377274e+00 -2.150041e-01 -5.260303e+00 0.000000e+00 0.000000e+00 0.000000e+00 0.000000e+00 -1.760924e-01
